0,0,-20
0,0,-20
0,0,-20
0,0,-20
0,0,-20
0,0,-20
0,0,-20
0,0,-20
0,0,-20
0,0,-20
0,0,-20
0,0,-20
0,0,-20
0,0,-20
0,0,-20
0,0,-20
0,0,-20
0,0,-20
0,0,-20
-0.147422775626183,0,-20
-0.287474423646927,-0.147422775626183,-20
-0.420523464679718,-0.287474423646927,-20
-0.54692006111145,-0.420523464679718,-20
-0.666996836662292,-0.54692006111145,-20
-0.781069755554199,-0.666996836662292,-20
-0.889439046382904,-0.781069755554199,-20
-0.992389857769012,-0.889439046382904,-20
-1.09019315242767,-0.992389857769012,-20
-1.18310630321503,-1.09019315242767,-20
-1.2713737487793,-1.18310630321503,-20
-1.35522782802582,-1.2713737487793,-20
-1.43488919734955,-1.35522782802582,-20
-1.51056754589081,-1.43488919734955,-20
-1.58246195316315,-1.51056754589081,-20
-2.07142877578735,-1.58246195316315,-20
-2.53594732284546,-2.07142877578735,-20
-2.97723984718323,-2.53594732284546,-20
-3.39646768569946,-2.97723984718323,-20
-3.79473423957825,-3.39646768569946,-20
-4.17308712005615,-3.79473423957825,-20
-4.53252267837524,-4.17308712005615,-20
-4.87398624420166,-4.53252267837524,-20
-5.19837665557861,-4.87398624420166,-20
-5.50654745101929,-5.19837665557861,-20
-5.79930973052979,-5.50654745101929,-20
-6.07743406295776,-5.79930973052979,-20
-6.34165191650391,-6.07743406295776,-20
-6.59265899658203,-6.34165191650391,-20
-6.83111572265625,-6.59265899658203,-20
-4.75000333786011,-6.83111572265625,-20
-2.77294635772705,-4.75000333786011,-20
-0.894742608070374,-2.77294635772705,-20
0.889550924301147,-0.894742608070374,-20
2.58462953567505,0.889550924301147,-20
4.19495439529419,2.58462953567505,-20
5.72476291656494,4.19495439529419,-20
7.17808103561401,5.72476291656494,-20
8.5587329864502,7.17808103561401,-20
9.87035179138184,8.5587329864502,-20
11.1163902282715,9.87035179138184,-20
12.3001260757446,11.1163902282715,-20
13.4246759414673,12.3001260757446,-20
14.4929981231689,13.4246759414673,-20
13.7948064804077,14.4929981231689,-20
13.1315240859985,13.7948064804077,-20
12.5014057159424,13.1315240859985,-20
11.9027938842773,12.5014057159424,-20
11.3341131210327,11.9027938842773,-20
10.7938652038574,11.3341131210327,-20
10.2806301116943,10.7938652038574,-20
9.79305744171143,10.2806301116943,-20
9.32986259460449,9.79305744171143,-20
8.88982772827148,9.32986259460449,-20
8.47179508209229,8.88982772827148,-20
8.07466316223145,8.47179508209229,-20
7.69738912582397,8.07466316223145,-20
7.33897829055786,7.69738912582397,-20
6.99848794937134,7.33897829055786,-20
9.46891403198242,6.99848794937134,-20
11.8158187866211,9.46891403198242,-20
14.0453777313232,11.8158187866211,-20
16.1634578704834,14.0453777313232,-20
18.1756343841553,16.1634578704834,-20
20.0872020721436,18.1756343841553,-20
21.903190612793,20.0872020721436,-20
23.628381729126,21.903190612793,-20
25.2673110961914,23.628381729126,-20
26.8242969512939,25.2673110961914,-20
28.303430557251,26.8242969512939,-20
29.7086086273193,28.303430557251,-20
31.0435276031494,29.7086086273193,-20
32.3116989135742,31.0435276031494,-20
33.5164642333984,32.3116989135742,-20
33.4130439758301,33.5164642333984,-20
33.3147964477539,33.4130439758301,-20
33.2214584350586,33.3147964477539,-20
33.1327896118164,33.2214584350586,-20
33.0485534667969,33.1327896118164,-20
32.9685287475586,33.0485534667969,-20
32.892505645752,32.9685287475586,-20
32.8202857971191,32.892505645752,-20
32.7516746520996,32.8202857971191,-20
32.6864929199219,32.7516746520996,-20
32.6245727539062,32.6864929199219,-20
32.565746307373,32.6245727539062,-20
32.5098609924316,32.565746307373,-20
32.4567718505859,32.5098609924316,-20
30.9694232940674,32.4567718505859,-20
29.5564403533936,30.9694232940674,-20
28.2141056060791,29.5564403533936,-20
26.9388885498047,28.2141056060791,-20
25.7274341583252,26.9388885498047,-20
24.5765495300293,25.7274341583252,-20
23.483211517334,24.5765495300293,-20
22.4445400238037,23.483211517334,-20
21.457799911499,22.4445400238037,-20
20.5203971862793,21.457799911499,-20
19.6298675537109,20.5203971862793,-20
18.783863067627,19.6298675537109,-20
17.9801597595215,18.783863067627,-20
17.2166404724121,17.9801597595215,-20
16.4912986755371,17.2166404724121,-20
14.8679571151733,16.4912986755371,-20
13.3257827758789,14.8679571151733,-20
11.8607177734375,13.3257827758789,-20
10.4689054489136,11.8607177734375,-20
9.14668369293213,10.4689054489136,-20
7.89057397842407,9.14668369293213,-20
6.69726896286011,7.89057397842407,-20
5.22227811813354,6.69726896286011,-20
5.14761829376221,5.22227811813354,-20
5.20062160491943,5.14761829376221,-20
4.37145805358887,5.20062160491943,-20
3.44042301177979,4.37145805358887,-20
2.26590156555176,3.44042301177979,-20
1.48686277866364,2.26590156555176,-20
0.884728074073792,1.48686277866364,-20
0.319777369499207,0.884728074073792,-20
-0.18856018781662,0.319777369499207,-20
-0.744637250900269,-0.18856018781662,-20
-1.3108217716217,-0.744637250900269,-20
-1.86500024795532,-1.3108217716217,-20
-2.39974069595337,-1.86500024795532,-20
-2.87952947616577,-2.39974069595337,-20
-3.33422160148621,-2.87952947616577,-20
-3.74842500686646,-3.33422160148621,-20
-4.13664865493774,-3.74842500686646,-20
-4.48154211044312,-4.13664865493774,-20
-4.8176383972168,-4.48154211044312,-20
-5.1202917098999,-4.8176383972168,-20
-5.44097280502319,-5.1202917098999,-20
-5.74748754501343,-5.44097280502319,-20
-6.04232120513916,-5.74748754501343,-20
-6.33687305450439,-6.04232120513916,-20
-6.61030292510986,-6.33687305450439,-20
-6.88115835189819,-6.61030292510986,-20
-7.12427854537964,-6.88115835189819,-20
-7.34973001480103,-7.12427854537964,-20
-7.5503191947937,-7.34973001480103,-20
-7.74679231643677,-7.5503191947937,-20
-7.94014692306519,-7.74679231643677,-20
-8.12386512756348,-7.94014692306519,-20
-8.28806686401367,-8.12386512756348,-20
-8.44624328613281,-8.28806686401367,-20
-8.60019493103027,-8.44624328613281,-20
-8.75155544281006,-8.60019493103027,-20
-8.88105773925781,-8.75155544281006,-20
-9.02018165588379,-8.88105773925781,-20
-9.15329551696777,-9.02018165588379,-20
-9.2760009765625,-9.15329551696777,-20
-9.39847850799561,-9.2760009765625,-20
-9.50572681427002,-9.39847850799561,-20
-9.60386753082275,-9.50572681427002,-20
-9.69836330413818,-9.60386753082275,-20
-9.80116653442383,-9.69836330413818,-20
-9.89490032196045,-9.80116653442383,-20
-9.98418617248535,-9.89490032196045,-20
-10.0640525817871,-9.98418617248535,-20
-10.134672164917,-10.0640525817871,-20
-10.2078247070312,-10.134672164917,-20
-10.2705125808716,-10.2078247070312,-20
-10.3338394165039,-10.2705125808716,-20
-10.3960485458374,-10.3338394165039,-20
-10.4678983688354,-10.3960485458374,-20
-10.5274286270142,-10.4678983688354,-20
-10.5918254852295,-10.5274286270142,-20
-10.6396589279175,-10.5918254852295,-20
-10.6826038360596,-10.6396589279175,-20
-10.7220058441162,-10.6826038360596,-20
-10.7601337432861,-10.7220058441162,-20
-10.7998218536377,-10.7601337432861,-20
-10.8446407318115,-10.7998218536377,-20
-10.8871011734009,-10.8446407318115,-20
-10.9206190109253,-10.8871011734009,-20
-10.9615955352783,-10.9206190109253,-20
-10.9826726913452,-10.9615955352783,-20
-11.0187387466431,-10.9826726913452,-20
-11.043981552124,-11.0187387466431,-20
-11.0741081237793,-11.043981552124,-20
-11.1143007278442,-11.0741081237793,19
-11.1506776809692,-11.1143007278442,19
-11.122106552124,-11.1506776809692,19
-13.1453666687012,-11.122106552124,19
-14.0626907348633,-13.1453666687012,19
-15.0401973724365,-14.0626907348633,19
-16.7900562286377,-15.0401973724365,19
-16.7267475128174,-16.7900562286377,19
-17.2889137268066,-16.7267475128174,19
-18.6002788543701,-17.2889137268066,19
-22.5385417938232,-18.6002788543701,19
-22.11403465271,-22.5385417938232,19
-21.5145778656006,-22.11403465271,19
-21.7000122070312,-21.5145778656006,19
-23.8995456695557,-21.7000122070312,19
-22.4458293914795,-23.8995456695557,19
-21.981014251709,-22.4458293914795,19
-19.925464630127,-21.981014251709,19
-17.8294792175293,-19.925464630127,19
-16.2629222869873,-17.8294792175293,19
-15.2274570465088,-16.2629222869873,19
-13.5849142074585,-15.2274570465088,19
-12.2344770431519,-13.5849142074585,19
-10.9250383377075,-12.2344770431519,19
-10.0939855575562,-10.9250383377075,19
-8.74311923980713,-10.0939855575562,19
-7.66715240478516,-8.74311923980713,19
-6.85710763931274,-7.66715240478516,19
-5.80479907989502,-6.85710763931274,19
-4.85766744613647,-5.80479907989502,19
-3.92229628562927,-4.85766744613647,19
-3.03047776222229,-3.92229628562927,19
-2.19913196563721,-3.03047776222229,19
-1.43109750747681,-2.19913196563721,19
-0.699636578559875,-1.43109750747681,19
0.0101260542869568,-0.699636578559875,19
0.688600063323975,0.0101260542869568,19
1.32915353775024,0.688600063323975,19
1.93357729911804,1.32915353775024,19
2.5022885799408,1.93357729911804,19
3.05979347229004,2.5022885799408,19
3.58768534660339,3.05979347229004,19
4.07453536987305,3.58768534660339,19
4.55709743499756,4.07453536987305,19
4.99278926849365,4.55709743499756,19
5.41588497161865,4.99278926849365,19
5.821457862854,5.41588497161865,19
6.22182416915894,5.821457862854,19
6.57711362838745,6.22182416915894,19
6.90763473510742,6.57711362838745,19
7.22892141342163,6.90763473510742,19
7.53940868377686,7.22892141342163,19
7.84370851516724,7.53940868377686,19
8.12291812896729,7.84370851516724,19
8.38492107391357,8.12291812896729,19
8.6291675567627,8.38492107391357,19
8.88340091705322,8.6291675567627,19
9.1052360534668,8.88340091705322,19
9.31109714508057,9.1052360534668,19
9.51689052581787,9.31109714508057,19
9.70751285552979,9.51689052581787,19
9.88620281219482,9.70751285552979,19
10.0626859664917,9.88620281219482,19
10.2245483398438,10.0626859664917,19
10.377311706543,10.2245483398438,19
10.5267143249512,10.377311706543,19
10.6606159210205,10.5267143249512,19
10.7934904098511,10.6606159210205,19
10.935830116272,10.7934904098511,19
11.059326171875,10.935830116272,19
11.1794538497925,11.059326171875,19
11.2837152481079,11.1794538497925,19
11.4012775421143,11.2837152481079,19
11.5072650909424,11.4012775421143,19
11.5966815948486,11.5072650909424,19
11.6846790313721,11.5966815948486,19
11.7660350799561,11.6846790313721,19
11.8512592315674,11.7660350799561,19
11.9249248504639,11.8512592315674,19
12.0029754638672,11.9249248504639,19
12.0616750717163,12.0029754638672,19
12.1345796585083,12.0616750717163,19
12.2073755264282,12.1345796585083,19
12.2598476409912,12.2073755264282,19
12.3184633255005,12.2598476409912,19
12.3785743713379,12.3184633255005,19
12.4410085678101,12.3785743713379,19
12.4896650314331,12.4410085678101,19
12.5301742553711,12.4896650314331,19
12.5759124755859,12.5301742553711,19
12.6116704940796,12.5759124755859,19
12.6566848754883,12.6116704940796,19
12.7005844116211,12.6566848754883,19
12.7377309799194,12.7005844116211,19
12.7703609466553,12.7377309799194,19
12.7967891693115,12.7703609466553,19
12.833101272583,12.7967891693115,19
12.8585414886475,12.833101272583,19
12.8878612518311,12.8585414886475,19
12.9094247817993,12.8878612518311,19
12.9365797042847,12.9094247817993,-20
13.0282859802246,12.9365797042847,-20
13.5534715652466,13.0282859802246,-20
14.5399990081787,13.5534715652466,-20
14.9704751968384,14.5399990081787,-20
16.7837600708008,14.9704751968384,-20
17.766227722168,16.7837600708008,-20
18.7284622192383,17.766227722168,-20
20.8879337310791,18.7284622192383,-20
20.9027786254883,20.8879337310791,-20
22.2246284484863,20.9027786254883,-20
22.3321895599365,22.2246284484863,-20
23.8070106506348,22.3321895599365,-20
22.1659202575684,23.8070106506348,-20
21.0877151489258,22.1659202575684,-20
20.2686595916748,21.0877151489258,-20
18.9452629089355,20.2686595916748,-20
17.6515350341797,18.9452629089355,-20
16.177209854126,17.6515350341797,-20
14.8980894088745,16.177209854126,-20
13.6161012649536,14.8980894088745,-20
12.4871139526367,13.6161012649536,-20
11.2886896133423,12.4871139526367,-20
10.1677284240723,11.2886896133423,-20
9.03938579559326,10.1677284240723,-20
7.94929456710815,9.03938579559326,-20
6.95365190505981,7.94929456710815,-20
5.98939895629883,6.95365190505981,-20
5.11060237884521,5.98939895629883,-20
4.29722452163696,5.11060237884521,-20
3.51986384391785,4.29722452163696,-20
2.79638147354126,3.51986384391785,-20
2.09473586082458,2.79638147354126,-20
1.40702259540558,2.09473586082458,-20
0.761374413967133,1.40702259540558,-20
0.132062256336212,0.761374413967133,-20
-0.463361322879791,0.132062256336212,-20
-1.03354454040527,-0.463361322879791,-20
-1.56388425827026,-1.03354454040527,-20
-2.05927085876465,-1.56388425827026,-20
-2.53295612335205,-2.05927085876465,-20
-2.97198462486267,-2.53295612335205,-20
-3.40729928016663,-2.97198462486267,-20
-3.8084123134613,-3.40729928016663,-20
-4.19786405563354,-3.8084123134613,-20
-4.55274295806885,-4.19786405563354,-20
-4.90775108337402,-4.55274295806885,-20
-5.23261070251465,-4.90775108337402,-20
-5.55919456481934,-5.23261070251465,-20
-5.85234451293945,-5.55919456481934,-20
-6.14650297164917,-5.85234451293945,-20
-6.4201283454895,-6.14650297164917,-20
-6.67741060256958,-6.4201283454895,-20
-6.92205047607422,-6.67741060256958,-20
-7.15713024139404,-6.92205047607422,-20
-7.37714719772339,-7.15713024139404,-20
-7.57803297042847,-7.37714719772339,-20
-7.77099227905273,-7.57803297042847,-20
-7.95724153518677,-7.77099227905273,-20
-8.14135551452637,-7.95724153518677,-20
-8.32474613189697,-8.14135551452637,-20
-8.50012111663818,-8.32474613189697,-20
-8.66243839263916,-8.50012111663818,-20
-8.80069923400879,-8.66243839263916,-20
-8.95546817779541,-8.80069923400879,-20
-9.08156394958496,-8.95546817779541,-20
-9.20226573944092,-9.08156394958496,-20
-9.32295036315918,-9.20226573944092,-20
-9.43632125854492,-9.32295036315918,-20
-9.54142284393311,-9.43632125854492,-20
-9.6409740447998,-9.54142284393311,-20
-9.73861885070801,-9.6409740447998,-20
-9.82835483551025,-9.73861885070801,-20
-9.92118453979492,-9.82835483551025,-20
-10.0119018554688,-9.92118453979492,-20
-10.0978088378906,-10.0119018554688,-20
-10.1745729446411,-10.0978088378906,-20
-10.2430334091187,-10.1745729446411,-20
-10.3203954696655,-10.2430334091187,-20
-10.3884706497192,-10.3203954696655,-20
-10.4321260452271,-10.3884706497192,-20
-10.4858875274658,-10.4321260452271,-20
-10.5357294082642,-10.4858875274658,-20
-10.5849981307983,-10.5357294082642,-20
-10.6453123092651,-10.5849981307983,-20
-10.6848983764648,-10.6453123092651,-20
-10.7296838760376,-10.6848983764648,-20
-10.7773723602295,-10.7296838760376,-20
-10.8135614395142,-10.7773723602295,-20
-10.8507394790649,-10.8135614395142,-20
-10.8730850219727,-10.8507394790649,-20
-10.9109745025635,-10.8730850219727,-20
-10.9614810943604,-10.9109745025635,-20
-10.9911832809448,-10.9614810943604,-20
-11.0145893096924,-10.9911832809448,-20
-11.04807472229,-11.0145893096924,-20
-11.0782384872437,-11.04807472229,-20
-11.1130113601685,-11.0782384872437,-20
-11.1507501602173,-11.1130113601685,-20
-11.1642742156982,-11.1507501602173,-20
-11.1907997131348,-11.1642742156982,19
